0.371114
0.371114
0.371114
0.371114
0.338905
0.371114
0.371114
0.371114
0.371114
0.371114
0.371114
0.371114
0.371114
0.371114
0.369408
0.371114
0.371114
0.371114
0.351772
0.371114
0.371114
0.371114
0.371114
0.334685
0.351772
0.371114
0.371114
0.371114
0.371114
0.371114
0.371114
0.371114
0.371114
0.371114
0.371114
0.353899
0.334685
0.351772
0.371114
0.351772
0.371114
0.351772
0.371114
0.371114
0.371114
0.371114
0.371114
0.371114
0.371114
0.351772
0.364941
0.371114
0.371114
0.371114
0.371114
0.371114
0.371114
0.351772
0.371114
0.371114
0.351772
0.371114
0.353899
0.371114
0.351772
0.371114
0.371114
0.371114
0.338905
0.371114
0.371114
0.371114
0.371114
0.371114
0.371114
0.371114
0.351772
0.371114
0.371114
0.371114
0.351772
0.371114
0.351772
0.371114
0.351772
0.351772
0.371114
0.371114
0.351772
0.338905
0.371114
0.351772
0.371114
0.371114
0.371114
0.371114
0.371114
0.371114
0.371114
0.371114
0.371114
0.371114
0.371114
0.369408
0.371114
0.371114
0.371114
0.351772
0.353899
0.353899
0.371114
0.371114
0.351772
0.371114
0.371114
0.371114
0.371114
0.371114
0.371114
0.371114
0.371114
0.371114
0.371114
0.371114
0.371114
0.371114
0.371114
0.369408
0.371114
0.371114
0.351772
0.371114
0.371114
0.371114
0.371114
0.371114
0.371114
0.371114
0.371114
0.351772
0.371114
0.371114
0.371114
0.371114
0.351772
0.371114
0.371114
0.371114
0.371114
0.371114
0.371114
0.351772
0.371114
0.371114
0.371114
0.371114
0.371114
0.371114
0.371114
0.371114
0.353899
0.371114
0.371114
0.371114
0.371114
0.371114
0.371114
0.371114
0.371114
0.371114
0.371114
0.371114
0.371114
0.371114
0.351772
0.371114
0.351772
0.371114
0.351772
0.371114
0.371114
0.371114
0.351772
0.371114
0.371114
0.351772
0.371114
0.371114
0.351772
0.371114
0.371114
0.371114
0.371114
0.351772
0.351772
0.371114
0.371114
0.371114
0.371114
0.371114
0.371114
0.371114
0.371114
0.371114
0.371114
0.371114
0.371114
0.371114
0.371114
0.371114
0.371114
0.371114
0.371114
0.371114
0.371114
0.371114
0.371114
0.371114
0.351772
0.371114
0.371114
0.371114
0.371114
0.371114
0.371114
0.351772
0.371114
0.371114
0.371114
0.371114
0.371114
0.371114
0.371114
0.371114
0.371114
0.371114
0.371114
0.371114
0.371114
0.371114
0.371114
0.371114
0.338905
0.371114
0.371114
0.371114
0.351772
0.371114
0.371114
0.371114
0.371114
0.371114
0.371114
0.371114
0.371114
0.371114
0.371114
0.371114
0.371114
0.371114
0.351772
0.371114
0.371114
0.351772
0.371114
0.371114
0.371114
0.371114
0.371114
0.371114
0.371114
0.338905
0.371114
0.351772
0.351772
0.351772
0.371114
0.371114
0.371114
0.371114
0.371114
0.371114
0.371114
0.371114
0.371114
0.351772
0.351772
0.371114
0.351772
0.371114
0.371114
0.351772
0.371114
0.371114
0.371114
0.371114
0.371114
0.364941
0.371114
0.371114
